
----------------------------------------N CLUSTER: 0----------------------------------------
CLUSTER = 0 antena3_2019 09 16_afternoon_new
[0.0, 0.0, 0.0, 0.0, 0.0, 0.0, 0.0, 0.41603365540504456, 0.0, 0.0, 0.0, 0.0, 0.0, 0.5837187767028809, 0.0, 0.0, 0.0, 0.0, 0.0]
CLUSTER = 0 antena3_2019 09 20_afternoon_new
[0.0, 0.0, 0.0, 0.0, 0.0, 0.0, 0.0, 0.3477259576320648, 0.0, 0.0, 0.0, 0.0, 0.0, 0.6520469188690186, 0.0, 0.0, 0.0, 0.0, 0.0]
CLUSTER = 0 antena3_2019 09 24_morning_new
[0.0, 0.0, 0.0, 0.0, 0.0, 0.0, 0.0, 0.5921092629432678, 0.0, 0.0, 0.0, 0.0, 0.0, 0.4077206254005432, 0.0, 0.0, 0.0, 0.0, 0.0]
CLUSTER = 0 antena3_2019 09 26_afternoon_new
[0.0, 0.0, 0.0, 0.0, 0.0, 0.0, 0.0, 0.5863251686096191, 0.0, 0.0, 0.0, 0.0, 0.0, 0.413437157869339, 0.0, 0.0, 0.0, 0.0, 0.0]
CLUSTER = 0 antena3_2019 09 27_morning_new
[0.0, 0.0, 0.0, 0.0, 0.0, 0.0, 0.0, 0.6306461095809937, 0.0, 0.0, 0.0, 0.0, 0.0, 0.3691912293434143, 0.0, 0.0, 0.0, 0.0, 0.0]
CLUSTER = 0 antena3_2019 09 27_afternoon_new
[0.0, 0.0, 0.0, 0.0, 0.0, 0.0, 0.0, 0.2764713168144226, 0.0, 0.0, 0.0, 0.0, 0.0, 0.723292350769043, 0.0, 0.0, 0.0, 0.0, 0.0]
CLUSTER = 0 antena3_2019 09 28_morning_new
[0.0, 0.0, 0.0, 0.0, 0.0, 0.0, 0.0, 0.368164986371994, 0.0, 0.0, 0.0, 0.10795247554779053, 0.0, 0.5237166881561279, 0.0, 0.0, 0.0, 0.0, 0.0]
CLUSTER = 0 antena3_2019 09 28_afternoon_new
[0.0, 0.0, 0.0, 0.0, 0.0, 0.0, 0.0, 0.4651123881340027, 0.0, 0.0, 0.0, 0.0, 0.0, 0.5346552729606628, 0.0, 0.0, 0.0, 0.0, 0.0]
CLUSTER = 0 antena3_2019 09 29_morning_new
[0.0, 0.0, 0.0, 0.0, 0.0, 0.0, 0.0, 0.27112504839897156, 0.0, 0.0, 0.0, 0.0, 0.0, 0.7287031412124634, 0.0, 0.0, 0.0, 0.0, 0.0]
CLUSTER = 0 antena3_2019 09 29_afternoon_new
[0.0, 0.0, 0.0, 0.0, 0.0, 0.0, 0.03294162452220917, 0.4330066740512848, 0.0, 0.0, 0.0, 0.0, 0.0, 0.527231752872467, 0.0, 0.0, 0.0, 0.0, 0.0]
CLUSTER = 0 antena3_2019 09 30_afternoon_new
[0.0, 0.0, 0.0, 0.0, 0.0, 0.0, 0.0, 0.3118082582950592, 0.0, 0.0, 0.0, 0.0, 0.0, 0.6879719495773315, 0.0, 0.0, 0.0, 0.0, 0.0]
CLUSTER = 0 antena3_2019 10 01_afternoon_new
[0.0, 0.0, 0.0, 0.0, 0.0, 0.0, 0.03617022559046745, 0.3918628394603729, 0.0, 0.0, 0.0, 0.0, 0.0, 0.5717616081237793, 0.0, 0.0, 0.0, 0.0, 0.0]
CLUSTER = 0 antena3_2019 10 04_morning_new
[0.0, 0.0, 0.0, 0.0, 0.0, 0.0, 0.0, 0.3724106550216675, 0.0, 0.0, 0.0, 0.0, 0.0, 0.5654800534248352, 0.0, 0.0, 0.061955228447914124, 0.0, 0.0]
CLUSTER = 0 antena3_2019 10 08_afternoon_new
[0.0, 0.0, 0.0, 0.0, 0.0, 0.0, 0.0, 0.5658252835273743, 0.0, 0.0, 0.0, 0.0, 0.0, 0.4290875792503357, 0.0, 0.0, 0.0, 0.0, 0.0]
CLUSTER = 0 antena3_2019 10 10_morning_new
[0.0, 0.0, 0.0, 0.0, 0.0, 0.0, 0.0, 0.5041717886924744, 0.0, 0.0, 0.0, 0.0, 0.0, 0.44571739435195923, 0.0, 0.049963973462581635, 0.0, 0.0, 0.0]
CLUSTER = 0 antena3_2019 10 11_morning_new
[0.0, 0.0, 0.0, 0.0, 0.0, 0.0, 0.0, 0.3995879590511322, 0.0, 0.0, 0.0, 0.0, 0.0, 0.31951338052749634, 0.0, 0.28076204657554626, 0.0, 0.0, 0.0]
CLUSTER = 0 antena3_2019 10 12_morning_new
[0.0, 0.0, 0.0, 0.057532694190740585, 0.0, 0.0, 0.0, 0.27056506276130676, 0.0, 0.0, 0.0, 0.0, 0.0, 0.6717419624328613, 0.0, 0.0, 0.0, 0.0, 0.0]

----------------------------------------N CLUSTER: 1----------------------------------------
CLUSTER = 1 antena3_2019 09 17_afternoon_new
[0.0, 0.0, 0.0, 0.0, 0.0, 0.0, 0.0, 0.0, 0.0, 0.0, 0.0, 0.0, 0.0, 0.9996640086174011, 0.0, 0.0, 0.0, 0.0, 0.0]
CLUSTER = 1 antena3_2019 09 18_afternoon_new
[0.0, 0.0, 0.0, 0.0, 0.0, 0.0, 0.0, 0.0, 0.0, 0.0, 0.0, 0.0, 0.0, 0.9919626116752625, 0.0, 0.0, 0.0, 0.0, 0.0]
CLUSTER = 1 antena3_2019 09 19_afternoon_new
[0.0, 0.0, 0.0, 0.0, 0.0, 0.0, 0.0, 0.0, 0.0, 0.0, 0.0, 0.0, 0.0, 0.9996943473815918, 0.0, 0.0, 0.0, 0.0, 0.0]
CLUSTER = 1 antena3_2019 09 23_afternoon_new
[0.0, 0.0, 0.0, 0.0, 0.0, 0.0, 0.0, 0.0, 0.0, 0.0, 0.0, 0.0, 0.0, 0.9997000098228455, 0.0, 0.0, 0.0, 0.0, 0.0]
CLUSTER = 1 antena3_2019 09 24_afternoon_new
[0.0, 0.0, 0.0, 0.0, 0.0, 0.0, 0.0, 0.0, 0.0, 0.0, 0.0, 0.0, 0.0, 0.9996902942657471, 0.0, 0.0, 0.0, 0.0, 0.0]
CLUSTER = 1 antena3_2019 09 25_afternoon_new
[0.0, 0.0, 0.0, 0.0, 0.0, 0.0, 0.2715702950954437, 0.0, 0.0, 0.0, 0.0, 0.0, 0.0, 0.7281346321105957, 0.0, 0.0, 0.0, 0.0, 0.0]
CLUSTER = 1 antena3_2019 10 03_morning_new
[0.0, 0.0, 0.0, 0.0, 0.0, 0.0, 0.0, 0.0, 0.0, 0.0, 0.0, 0.0, 0.0, 0.9932616353034973, 0.0, 0.0, 0.0, 0.0, 0.0]
CLUSTER = 1 antena3_2019 10 03_afternoon_new
[0.0, 0.0, 0.0, 0.0, 0.0, 0.0, 0.0, 0.0, 0.0, 0.0, 0.0, 0.0, 0.0, 0.9996907711029053, 0.0, 0.0, 0.0, 0.0, 0.0]
CLUSTER = 1 antena3_2019 10 04_afternoon_new
[0.0, 0.0, 0.0, 0.0, 0.0, 0.0, 0.0, 0.0, 0.0, 0.0, 0.0, 0.0, 0.0, 0.9958552122116089, 0.0, 0.0, 0.0, 0.0, 0.0]
CLUSTER = 1 antena3_2019 10 06_morning_new
[0.0, 0.0, 0.0, 0.0, 0.0, 0.0, 0.15041583776474, 0.0, 0.0, 0.0, 0.14392104744911194, 0.0, 0.0, 0.702339231967926, 0.0, 0.0, 0.0, 0.0, 0.0]
CLUSTER = 1 antena3_2019 10 07_afternoon_new
[0.0, 0.0, 0.0, 0.0, 0.0, 0.0, 0.0, 0.0, 0.0, 0.0, 0.0, 0.0, 0.0, 0.9997121095657349, 0.0, 0.0, 0.0, 0.0, 0.0]
CLUSTER = 1 antena3_2019 10 09_afternoon_new
[0.0, 0.0, 0.0, 0.0, 0.0, 0.0, 0.0, 0.0, 0.0, 0.0, 0.0, 0.0, 0.0, 0.9456507563591003, 0.0, 0.0, 0.05273941159248352, 0.0, 0.0]
CLUSTER = 1 antena3_2019 10 11_afternoon_new
[0.0, 0.0, 0.0, 0.0, 0.0, 0.0, 0.0, 0.0, 0.0, 0.0, 0.0, 0.0, 0.0, 0.9996997714042664, 0.0, 0.0, 0.0, 0.0, 0.0]
CLUSTER = 1 antena3_2019 10 12_afternoon_new
[0.0, 0.0, 0.0, 0.0, 0.0, 0.0, 0.0, 0.05255642905831337, 0.01948942057788372, 0.0, 0.03146103024482727, 0.0, 0.0, 0.8963028788566589, 0.0, 0.0, 0.0, 0.0, 0.0]
CLUSTER = 1 antena3_2019 10 14_morning_new
[0.0, 0.0, 0.0, 0.0, 0.0, 0.0, 0.0, 0.0, 0.0, 0.0, 0.0, 0.0, 0.0, 0.9862940907478333, 0.0, 0.0, 0.0, 0.0, 0.0]
CLUSTER = 1 antena3_2019 10 14_afternoon_new
[0.0, 0.0, 0.0, 0.0, 0.0, 0.0, 0.0, 0.0, 0.0, 0.0, 0.0, 0.0, 0.034959711134433746, 0.9647179245948792, 0.0, 0.0, 0.0, 0.0, 0.0]
CLUSTER = 1 antena3_2019 10 15_morning_new
[0.0, 0.0, 0.0, 0.0, 0.0, 0.0, 0.0, 0.0, 0.0, 0.0, 0.0, 0.0, 0.0, 0.6055735349655151, 0.3809967339038849, 0.0, 0.0, 0.0, 0.0]
CLUSTER = 1 antena3_2019 10 15_afternoon_new
[0.0, 0.0, 0.0, 0.0, 0.0, 0.0, 0.0, 0.0, 0.0, 0.0, 0.0, 0.0, 0.0, 0.9903698563575745, 0.0, 0.0, 0.0, 0.0, 0.0]
CLUSTER = 1 antena3_2019 10 17_afternoon_new
[0.0, 0.0, 0.0, 0.0, 0.0, 0.0, 0.0, 0.0, 0.0, 0.0, 0.0, 0.0, 0.0, 0.9942657351493835, 0.0, 0.0, 0.0, 0.0, 0.0]

----------------------------------------N CLUSTER: 2----------------------------------------
CLUSTER = 2 antena3_2019 09 14_morning_new
[0.0, 0.0, 0.0, 0.0, 0.0, 0.0, 0.0, 0.9997585415840149, 0.0, 0.0, 0.0, 0.0, 0.0, 0.0, 0.0, 0.0, 0.0, 0.0, 0.0]
CLUSTER = 2 antena3_2019 09 14_afternoon_new
[0.0, 0.0, 0.0, 0.0, 0.0, 0.0, 0.0, 0.9996532797813416, 0.0, 0.0, 0.0, 0.0, 0.0, 0.0, 0.0, 0.0, 0.0, 0.0, 0.0]
CLUSTER = 2 antena3_2019 09 15_morning_new
[0.0, 0.0, 0.0, 0.0, 0.0, 0.0, 0.0, 0.9997362494468689, 0.0, 0.0, 0.0, 0.0, 0.0, 0.0, 0.0, 0.0, 0.0, 0.0, 0.0]
CLUSTER = 2 antena3_2019 09 15_afternoon_new
[0.0, 0.0, 0.0, 0.0, 0.0, 0.0, 0.0, 0.9996165633201599, 0.0, 0.0, 0.0, 0.0, 0.0, 0.0, 0.0, 0.0, 0.0, 0.0, 0.0]
CLUSTER = 2 antena3_2019 09 16_morning_new
[0.0, 0.0, 0.0, 0.0, 0.0, 0.0, 0.0, 0.9920269250869751, 0.0, 0.0, 0.0, 0.0, 0.0, 0.0, 0.0, 0.0, 0.0, 0.0, 0.0]
CLUSTER = 2 antena3_2019 09 20_morning_new
[0.0, 0.0, 0.0, 0.0, 0.0, 0.0, 0.0, 0.9456081986427307, 0.0, 0.0, 0.0, 0.0, 0.0, 0.05421443283557892, 0.0, 0.0, 0.0, 0.0, 0.0]
CLUSTER = 2 antena3_2019 09 21_morning_new
[0.0, 0.0, 0.0, 0.0, 0.0, 0.0, 0.0, 0.9997749328613281, 0.0, 0.0, 0.0, 0.0, 0.0, 0.0, 0.0, 0.0, 0.0, 0.0, 0.0]
CLUSTER = 2 antena3_2019 09 21_afternoon_new
[0.0, 0.0, 0.0, 0.0, 0.0, 0.0, 0.0, 0.9245027303695679, 0.0, 0.0, 0.0, 0.0, 0.0, 0.015008006244897842, 0.0, 0.0, 0.06029721349477768, 0.0, 0.0]
CLUSTER = 2 antena3_2019 09 22_morning_new
[0.0, 0.0, 0.0, 0.0, 0.0, 0.0, 0.0, 0.9976496696472168, 0.0, 0.0, 0.0, 0.0, 0.0, 0.0, 0.0, 0.0, 0.0, 0.0, 0.0]
CLUSTER = 2 antena3_2019 09 25_morning_new
[0.0, 0.0, 0.035007137805223465, 0.0, 0.0, 0.0, 0.0, 0.8573472499847412, 0.0, 0.0, 0.0, 0.0, 0.0, 0.10748247802257538, 0.0, 0.0, 0.0, 0.0, 0.0]
CLUSTER = 2 antena3_2019 09 26_morning_new
[0.0, 0.0, 0.0, 0.0, 0.0, 0.0, 0.0, 0.9997438788414001, 0.0, 0.0, 0.0, 0.0, 0.0, 0.0, 0.0, 0.0, 0.0, 0.0, 0.0]
CLUSTER = 2 antena3_2019 09 30_morning_new
[0.0, 0.0, 0.0, 0.0, 0.0, 0.0, 0.0, 0.838949978351593, 0.0, 0.0, 0.0, 0.0, 0.0, 0.16088096797466278, 0.0, 0.0, 0.0, 0.0, 0.0]
CLUSTER = 2 antena3_2019 10 01_morning_new
[0.0, 0.0, 0.0, 0.0, 0.0, 0.0, 0.0, 0.8269038796424866, 0.0, 0.0, 0.0, 0.0, 0.0, 0.17293432354927063, 0.0, 0.0, 0.0, 0.0, 0.0]
CLUSTER = 2 antena3_2019 10 06_afternoon_new
[0.0, 0.0, 0.0, 0.0, 0.0, 0.0, 0.0, 0.8398144841194153, 0.0, 0.0, 0.0, 0.0, 0.0, 0.15634223818778992, 0.0, 0.0, 0.0, 0.0, 0.0]
CLUSTER = 2 antena3_2019 10 08_morning_new
[0.0, 0.0, 0.0, 0.0, 0.0, 0.0, 0.0, 0.9991179704666138, 0.0, 0.0, 0.0, 0.0, 0.0, 0.0, 0.0, 0.0, 0.0, 0.0, 0.0]
CLUSTER = 2 antena3_2019 10 13_morning_new
[0.0, 0.0, 0.0, 0.0, 0.0, 0.0, 0.0, 0.9983842372894287, 0.0, 0.0, 0.0, 0.0, 0.0, 0.0, 0.0, 0.0, 0.0, 0.0, 0.0]
CLUSTER = 2 antena3_2019 10 16_morning_new
[0.0, 0.0, 0.0, 0.0, 0.0, 0.0, 0.0, 0.7824100852012634, 0.0, 0.0, 0.0, 0.0, 0.0, 0.18906991183757782, 0.028376920148730278, 0.0, 0.0, 0.0, 0.0]
CLUSTER = 2 antena3_2019 10 17_morning_new
[0.0, 0.0, 0.0, 0.0, 0.0, 0.0, 0.0, 0.7498014569282532, 0.0, 0.0, 0.0, 0.0, 0.0, 0.23961839079856873, 0.010431869886815548, 0.0, 0.0, 0.0, 0.0]
CLUSTER = 2 antena3_2019 09 13_morning_new
[0.0, 0.0, 0.0, 0.0, 0.0, 0.0, 0.0, 0.9997432231903076, 0.0, 0.0, 0.0, 0.0, 0.0, 0.0, 0.0, 0.0, 0.0, 0.0, 0.0]
CLUSTER = 2 antena3_2019 09 13_afternoon_new
[0.0, 0.0, 0.0, 0.0, 0.0, 0.0, 0.0, 0.9996100664138794, 0.0, 0.0, 0.0, 0.0, 0.0, 0.0, 0.0, 0.0, 0.0, 0.0, 0.0]

----------------------------------------N CLUSTER: 3----------------------------------------
CLUSTER = 3 antena3_2019 09 19_morning_new
[0.0, 0.0, 0.0, 0.0, 0.0, 0.0, 0.9537330269813538, 0.0, 0.0, 0.0, 0.0, 0.0, 0.0, 0.04173612967133522, 0.0, 0.0, 0.0, 0.0, 0.0]
CLUSTER = 3 antena3_2019 10 02_afternoon_new
[0.0, 0.0, 0.0, 0.0, 0.0, 0.0, 0.6201198101043701, 0.0, 0.0, 0.0, 0.0, 0.0, 0.0, 0.37957072257995605, 0.0, 0.0, 0.0, 0.0, 0.0]
CLUSTER = 3 antena3_2019 10 05_morning_new
[0.0, 0.0, 0.0, 0.0, 0.0, 0.0, 0.9996984004974365, 0.0, 0.0, 0.0, 0.0, 0.0, 0.0, 0.0, 0.0, 0.0, 0.0, 0.0, 0.0]
CLUSTER = 3 antena3_2019 10 05_afternoon_new
[0.0, 0.0, 0.0, 0.0, 0.0, 0.0, 0.6823766231536865, 0.31461745500564575, 0.0, 0.0, 0.0, 0.0, 0.0, 0.0, 0.0, 0.0, 0.0, 0.0, 0.0]

----------------------------------------N CLUSTER: 4----------------------------------------
CLUSTER = 4 antena3_2019 09 17_morning_new
[0.0, 0.0, 0.0, 0.0, 0.0, 0.0, 0.0, 0.0, 0.0, 0.0, 0.0, 0.0, 0.0, 0.19284667074680328, 0.0, 0.0, 0.8010466694831848, 0.0, 0.0]
CLUSTER = 4 antena3_2019 09 18_morning_new
[0.0, 0.0, 0.0, 0.0, 0.0, 0.0, 0.0, 0.0, 0.0, 0.0, 0.0, 0.0, 0.0, 0.0, 0.0, 0.0, 0.9996597170829773, 0.0, 0.0]
CLUSTER = 4 antena3_2019 09 22_afternoon_new
[0.0, 0.0, 0.0, 0.0, 0.0, 0.0, 0.0, 0.48051297664642334, 0.0, 0.0, 0.0, 0.0, 0.0, 0.09051674604415894, 0.0, 0.0, 0.4287838637828827, 0.0, 0.0]
CLUSTER = 4 antena3_2019 10 13_afternoon_new
[0.0, 0.0, 0.0, 0.0, 0.0, 0.0, 0.0, 0.0, 0.0, 0.0, 0.0, 0.0, 0.0, 0.2167159467935562, 0.0, 0.0, 0.7819406390190125, 0.0, 0.0]

----------------------------------------N CLUSTER: 5----------------------------------------
CLUSTER = 5 antena3_2019 10 07_morning_new
[0.0, 0.0, 0.0, 0.0, 0.0, 0.0, 0.0, 0.0, 0.0, 0.0, 0.0, 0.0, 0.0, 0.0, 0.0, 0.9929719567298889, 0.0, 0.0, 0.0]
CLUSTER = 5 antena3_2019 10 10_afternoon_new
[0.0, 0.0, 0.0, 0.0, 0.0, 0.0, 0.0, 0.0, 0.0, 0.0, 0.0, 0.0, 0.0, 0.06755933165550232, 0.0, 0.9321423768997192, 0.0, 0.0, 0.0]

----------------------------------------N CLUSTER: 6----------------------------------------
CLUSTER = 6 antena3_2019 10 09_morning_new
[0.0, 0.0, 0.0, 0.0, 0.0, 0.0, 0.0, 0.0, 0.0, 0.0, 0.0, 0.0, 0.0, 0.0, 0.0, 0.0, 0.0, 0.0, 0.9938112497329712]

----------------------------------------N CLUSTER: 7----------------------------------------
CLUSTER = 7 antena3_2019 10 16_afternoon_new
[0.0, 0.0, 0.0, 0.0, 0.0, 0.0, 0.0, 0.0, 0.0, 0.0, 0.0, 0.0, 0.0, 0.0, 0.9995290637016296, 0.0, 0.0, 0.0, 0.0]

----------------------------------------N CLUSTER: 8----------------------------------------
CLUSTER = 8 antena3_2019 10 02_morning_new
[0.0, 0.0, 0.0, 0.0, 0.0, 0.0, 0.0, 0.0, 0.9939047694206238, 0.0, 0.0, 0.0, 0.0, 0.0, 0.0, 0.0, 0.0, 0.0, 0.0]

----------------------------------------N CLUSTER: 9----------------------------------------
CLUSTER = 9 antena3_2019 09 23_morning_new
[0.0, 0.0, 0.0, 0.0, 0.0, 0.9925491213798523, 0.0, 0.0, 0.0, 0.0, 0.0, 0.0, 0.0, 0.0, 0.0, 0.0, 0.0, 0.0, 0.0]
