
----------------------------------------N CLUSTER: 0----------------------------------------
CLUSTER = 0 subtitles\antena3 HD_spa_TXT.st 2019 09 16.xlogmorning_new
[0.0, 0.0, 0.0, 0.0, 0.0, 0.0, 0.0, 0.0, 0.0, 0.0, 0.0, 0.9911062121391296, 0.0, 0.0, 0.0, 0.0]
CLUSTER = 0 subtitles\antena3 HD_spa_TXT.st 2019 09 19.xlogmorning_new
[0.0, 0.0, 0.0, 0.0, 0.0, 0.0, 0.0, 0.0, 0.0, 0.0, 0.0, 0.0, 0.0, 0.0, 0.9947464466094971, 0.0]
CLUSTER = 0 subtitles\antena3 HD_spa_TXT.st 2019 09 22.xlogmorning_new
[0.0, 0.0, 0.0, 0.0, 0.0, 0.0, 0.0371113196015358, 0.0, 0.06654342263936996, 0.2487581968307495, 0.0, 0.0, 0.0, 0.17473505437374115, 0.0, 0.4725748300552368]
CLUSTER = 0 subtitles\antena3 HD_spa_TXT.st 2019 09 23.xlogmorning_new
[0.0, 0.0, 0.0, 0.0, 0.0, 0.0, 0.3820900022983551, 0.0, 0.40537962317466736, 0.0, 0.0, 0.0, 0.0, 0.2086803913116455, 0.0, 0.0]

----------------------------------------N CLUSTER: 1----------------------------------------
CLUSTER = 1 subtitles\antena3 HD_spa_TXT.st 2019 09 20.xlogmorning_new
[0.0, 0.0, 0.40560320019721985, 0.0, 0.0, 0.0, 0.5912860035896301, 0.0, 0.0, 0.0, 0.0, 0.0, 0.0, 0.0, 0.0, 0.0]
CLUSTER = 1 subtitles\antena3 HD_spa_TXT.st 2019 09 24.xlogafternoon_new
[0.0, 0.0, 0.0, 0.0, 0.0, 0.0, 0.9997252225875854, 0.0, 0.0, 0.0, 0.0, 0.0, 0.0, 0.0, 0.0, 0.0]
CLUSTER = 1 subtitles\antena3 HD_spa_TXT.st 2019 09 26.xlogmorning_new
[0.0, 0.0, 0.0, 0.0, 0.0, 0.0, 0.9997881650924683, 0.0, 0.0, 0.0, 0.0, 0.0, 0.0, 0.0, 0.0, 0.0]
CLUSTER = 1 subtitles\antena3 HD_spa_TXT.st 2019 09 27.xlogafternoon_new
[0.0, 0.0, 0.0, 0.0, 0.0, 0.0, 0.893178403377533, 0.0, 0.0, 0.0, 0.0, 0.10655102133750916, 0.0, 0.0, 0.0, 0.0]
CLUSTER = 1 subtitles\antena3 HD_spa_TXT.st 2019 09 28.xlogmorning_new
[0.0, 0.0, 0.0, 0.0, 0.0, 0.0, 0.9997811317443848, 0.0, 0.0, 0.0, 0.0, 0.0, 0.0, 0.0, 0.0, 0.0]
CLUSTER = 1 subtitles\antena3 HD_spa_TXT.st 2019 09 28.xlogafternoon_new
[0.0, 0.0, 0.0, 0.0, 0.0, 0.0, 0.9997251629829407, 0.0, 0.0, 0.0, 0.0, 0.0, 0.0, 0.0, 0.0, 0.0]
CLUSTER = 1 subtitles\antena3 HD_spa_TXT.st 2019 09 30.xlogafternoon_new
[0.0, 0.0, 0.0, 0.0, 0.0, 0.0, 0.9997297525405884, 0.0, 0.0, 0.0, 0.0, 0.0, 0.0, 0.0, 0.0, 0.0]
CLUSTER = 1 subtitles\antena3 HD_spa_TXT.st 2019 10 01.xlogafternoon_new
[0.0, 0.0, 0.0, 0.0, 0.0, 0.0, 0.9997381567955017, 0.0, 0.0, 0.0, 0.0, 0.0, 0.0, 0.0, 0.0, 0.0]
CLUSTER = 1 subtitles\antena3 HD_spa_TXT.st 2019 10 02.xlogafternoon_new
[0.0, 0.0, 0.0, 0.0, 0.0, 0.0, 0.999702513217926, 0.0, 0.0, 0.0, 0.0, 0.0, 0.0, 0.0, 0.0, 0.0]
CLUSTER = 1 subtitles\antena3 HD_spa_TXT.st 2019 10 03.xlogmorning_new
[0.0, 0.0, 0.0, 0.0, 0.0, 0.0, 0.9998024106025696, 0.0, 0.0, 0.0, 0.0, 0.0, 0.0, 0.0, 0.0, 0.0]
CLUSTER = 1 subtitles\antena3 HD_spa_TXT.st 2019 10 03.xlogafternoon_new
[0.0, 0.0, 0.0, 0.0, 0.0, 0.0, 0.9997180700302124, 0.0, 0.0, 0.0, 0.0, 0.0, 0.0, 0.0, 0.0, 0.0]
CLUSTER = 1 subtitles\antena3 HD_spa_TXT.st 2019 10 04.xlogmorning_new
[0.0, 0.0, 0.0, 0.0, 0.0, 0.010353823192417622, 0.6540023684501648, 0.0, 0.0, 0.0, 0.0, 0.0, 0.0, 0.0, 0.3354640007019043, 0.0]

----------------------------------------N CLUSTER: 2----------------------------------------
CLUSTER = 2 subtitles\antena3 HD_spa_TXT.st 2019 09 17.xlogmorning_new
[0.0, 0.0, 0.0, 0.0, 0.0, 0.09381090849637985, 0.0, 0.0, 0.8323290944099426, 0.0, 0.0, 0.0, 0.0, 0.06830597668886185, 0.0, 0.0]
CLUSTER = 2 subtitles\antena3 HD_spa_TXT.st 2019 09 17.xlogafternoon_new
[0.0, 0.0, 0.0, 0.0, 0.0, 0.0, 0.0, 0.0, 0.9996623396873474, 0.0, 0.0, 0.0, 0.0, 0.0, 0.0, 0.0]
CLUSTER = 2 subtitles\antena3 HD_spa_TXT.st 2019 09 18.xlogmorning_new
[0.0, 0.0, 0.0, 0.0, 0.0, 0.0, 0.0, 0.0, 0.9997259378433228, 0.0, 0.0, 0.0, 0.0, 0.0, 0.0, 0.0]
CLUSTER = 2 subtitles\antena3 HD_spa_TXT.st 2019 09 19.xlogafternoon_new
[0.0, 0.0, 0.0, 0.0, 0.0, 0.0, 0.0, 0.0, 0.9996890425682068, 0.0, 0.0, 0.0, 0.0, 0.0, 0.0, 0.0]
CLUSTER = 2 subtitles\antena3 HD_spa_TXT.st 2019 09 20.xlogafternoon_new
[0.0, 0.0, 0.0, 0.0, 0.0, 0.0, 0.0, 0.0, 0.999687910079956, 0.0, 0.0, 0.0, 0.0, 0.0, 0.0, 0.0]
CLUSTER = 2 subtitles\antena3 HD_spa_TXT.st 2019 09 25.xlogafternoon_new
[0.0, 0.0, 0.0, 0.0, 0.0, 0.0, 0.0, 0.0, 0.9961066842079163, 0.0, 0.0, 0.0, 0.0, 0.0, 0.0, 0.0]

----------------------------------------N CLUSTER: 3----------------------------------------
CLUSTER = 3 subtitles\antena3 HD_spa_TXT.st 2019 09 14.xlogmorning_new
[0.0, 0.0, 0.0, 0.0, 0.0, 0.9997680187225342, 0.0, 0.0, 0.0, 0.0, 0.0, 0.0, 0.0, 0.0, 0.0, 0.0]
CLUSTER = 3 subtitles\antena3 HD_spa_TXT.st 2019 09 14.xlogafternoon_new
[0.0, 0.0, 0.0, 0.0, 0.0, 0.9996501803398132, 0.0, 0.0, 0.0, 0.0, 0.0, 0.0, 0.0, 0.0, 0.0, 0.0]
CLUSTER = 3 subtitles\antena3 HD_spa_TXT.st 2019 09 15.xlogmorning_new
[0.0, 0.0, 0.0, 0.0, 0.0, 0.5564258694648743, 0.4433726966381073, 0.0, 0.0, 0.0, 0.0, 0.0, 0.0, 0.0, 0.0, 0.0]
CLUSTER = 3 subtitles\antena3 HD_spa_TXT.st 2019 09 15.xlogafternoon_new
[0.0, 0.0, 0.0, 0.0, 0.0, 0.47636130452156067, 0.5233498215675354, 0.0, 0.0, 0.0, 0.0, 0.0, 0.0, 0.0, 0.0, 0.0]
CLUSTER = 3 subtitles\antena3 HD_spa_TXT.st 2019 09 21.xlogmorning_new
[0.0, 0.0, 0.0, 0.0, 0.0, 0.6431504487991333, 0.15784883499145508, 0.0, 0.14320705831050873, 0.055666398257017136, 0.0, 0.0, 0.0, 0.0, 0.0, 0.0]
CLUSTER = 3 subtitles\antena3 HD_spa_TXT.st 2019 09 21.xlogafternoon_new
[0.0, 0.0, 0.0, 0.0, 0.0, 0.7398942112922668, 0.05343117192387581, 0.0, 0.20555949211120605, 0.0, 0.0, 0.0, 0.0, 0.0, 0.0, 0.0]

----------------------------------------N CLUSTER: 4----------------------------------------
CLUSTER = 4 subtitles\antena3 HD_spa_TXT.st 2019 09 26.xlogafternoon_new
[0.0, 0.9996506571769714, 0.0, 0.0, 0.0, 0.0, 0.0, 0.0, 0.0, 0.0, 0.0, 0.0, 0.0, 0.0, 0.0, 0.0]
CLUSTER = 4 subtitles\antena3 HD_spa_TXT.st 2019 10 02.xlogmorning_new
[0.0, 0.994820237159729, 0.0, 0.0, 0.0, 0.0, 0.0, 0.0, 0.0, 0.0, 0.0, 0.0, 0.0, 0.0, 0.0, 0.0]
CLUSTER = 4 subtitles\antena3 HD_spa_TXT.st 2019 10 04.xlogafternoon_new
[0.0, 0.9996885657310486, 0.0, 0.0, 0.0, 0.0, 0.0, 0.0, 0.0, 0.0, 0.0, 0.0, 0.0, 0.0, 0.0, 0.0]

----------------------------------------N CLUSTER: 5----------------------------------------
CLUSTER = 5 subtitles\antena3 HD_spa_TXT.st 2019 09 16.xlogafternoon_new
[0.0, 0.0, 0.0, 0.0, 0.0, 0.367033988237381, 0.0, 0.0, 0.117854043841362, 0.0, 0.0, 0.0, 0.0, 0.5117079019546509, 0.0, 0.0]
CLUSTER = 5 subtitles\antena3 HD_spa_TXT.st 2019 09 23.xlogafternoon_new
[0.0, 0.0, 0.0, 0.0, 0.0, 0.0, 0.5104506015777588, 0.0, 0.028928657993674278, 0.0, 0.0, 0.0, 0.0, 0.46042028069496155, 0.0, 0.0]
CLUSTER = 5 subtitles\antena3 HD_spa_TXT.st 2019 09 24.xlogmorning_new
[0.0, 0.0, 0.0, 0.0, 0.0, 0.0, 0.0, 0.0, 0.0, 0.0, 0.0, 0.0, 0.0, 0.9906601905822754, 0.0, 0.0]
CLUSTER = 5 subtitles\antena3 HD_spa_TXT.st 2019 09 25.xlogmorning_new
[0.0, 0.0, 0.0, 0.0, 0.0, 0.0, 0.0, 0.0, 0.0, 0.0, 0.0, 0.0, 0.0, 0.9997528195381165, 0.0, 0.0]
CLUSTER = 5 subtitles\antena3 HD_spa_TXT.st 2019 09 27.xlogmorning_new
[0.0, 0.0, 0.0, 0.0, 0.0, 0.0, 0.34576451778411865, 0.0, 0.0, 0.0, 0.0, 0.0, 0.0, 0.6540533900260925, 0.0, 0.0]
CLUSTER = 5 subtitles\antena3 HD_spa_TXT.st 2019 09 30.xlogmorning_new
[0.0, 0.0, 0.0, 0.0, 0.0, 0.0, 0.0, 0.0, 0.0, 0.0, 0.0, 0.0, 0.0, 0.9997612237930298, 0.0, 0.0]
CLUSTER = 5 subtitles\antena3 HD_spa_TXT.st 2019 10 01.xlogmorning_new
[0.0, 0.0, 0.0, 0.0, 0.0, 0.0, 0.08509231358766556, 0.0, 0.0, 0.0, 0.0, 0.0, 0.0, 0.9130723476409912, 0.0, 0.0]

----------------------------------------N CLUSTER: 6----------------------------------------
CLUSTER = 6 subtitles\antena3 HD_spa_TXT.st 2019 09 18.xlogafternoon_new
[0.0, 0.0, 0.0, 0.0, 0.0, 0.0, 0.0, 0.0, 0.04670754820108414, 0.9529611468315125, 0.0, 0.0, 0.0, 0.0, 0.0, 0.0]
CLUSTER = 6 subtitles\antena3 HD_spa_TXT.st 2019 09 22.xlogafternoon_new
[0.0, 0.0, 0.0, 0.0, 0.0, 0.0, 0.0, 0.0, 0.0, 0.9997065663337708, 0.0, 0.0, 0.0, 0.0, 0.0, 0.0]
CLUSTER = 6 subtitles\antena3 HD_spa_TXT.st 2019 09 29.xlogmorning_new
[0.0, 0.0, 0.0, 0.0, 0.0, 0.0, 0.0, 0.0, 0.0, 0.9820601940155029, 0.0, 0.0, 0.0, 0.017719458788633347, 0.0, 0.0]
CLUSTER = 6 subtitles\antena3 HD_spa_TXT.st 2019 09 29.xlogafternoon_new
[0.0, 0.0, 0.0, 0.0, 0.0, 0.0, 0.0, 0.0, 0.0, 0.9996867179870605, 0.0, 0.0, 0.0, 0.0, 0.0, 0.0]
