
----------------------------------------N CLUSTER: 0----------------------------------------
CLUSTER = 0 subtitles\antena3 HD_spa_TXT.st 2019 09 18.xlogmorning_new
[0.999708354473114, 0.0, 0.0, 0.0, 0.0, 0.0, 0.0, 0.0, 0.0, 0.0, 0.0, 0.0, 0.0, 0.0, 0.0, 0.0, 0.0, 0.0]
CLUSTER = 0 subtitles\antena3 HD_spa_TXT.st 2019 09 18.xlogafternoon_new
[0.0, 0.712070107460022, 0.0, 0.0, 0.0, 0.0, 0.0, 0.0, 0.285902738571167, 0.0, 0.0, 0.0, 0.0, 0.0, 0.0, 0.0, 0.0, 0.0]
CLUSTER = 0 subtitles\antena3 HD_spa_TXT.st 2019 09 23.xlogmorning_new
[0.0, 0.0, 0.0, 0.9936444163322449, 0.0, 0.0, 0.0, 0.0, 0.0, 0.0, 0.0, 0.0, 0.0, 0.0, 0.0, 0.0, 0.0, 0.0]
CLUSTER = 0 subtitles\antena3 HD_spa_TXT.st 2019 09 23.xlogafternoon_new
[0.0, 0.0, 0.9996692538261414, 0.0, 0.0, 0.0, 0.0, 0.0, 0.0, 0.0, 0.0, 0.0, 0.0, 0.0, 0.0, 0.0, 0.0, 0.0]

----------------------------------------N CLUSTER: 1----------------------------------------
CLUSTER = 1 subtitles\antena3 HD_spa_TXT.st 2019 09 14.xlogmorning_new
[0.0, 0.0, 0.0, 0.0, 0.0, 0.0, 0.0, 0.0, 0.0, 0.0, 0.9997923970222473, 0.0, 0.0, 0.0, 0.0, 0.0, 0.0, 0.0]
CLUSTER = 1 subtitles\antena3 HD_spa_TXT.st 2019 09 14.xlogafternoon_new
[0.0, 0.0, 0.0, 0.0, 0.0, 0.0, 0.0, 0.0, 0.0, 0.0, 0.9997020959854126, 0.0, 0.0, 0.0, 0.0, 0.0, 0.0, 0.0]
CLUSTER = 1 subtitles\antena3 HD_spa_TXT.st 2019 09 15.xlogafternoon_new
[0.0, 0.039510779082775116, 0.0, 0.0, 0.0, 0.0, 0.0, 0.0, 0.0, 0.0, 0.9601783156394958, 0.0, 0.0, 0.0, 0.0, 0.0, 0.0, 0.0]
CLUSTER = 1 subtitles\antena3 HD_spa_TXT.st 2019 09 21.xlogmorning_new
[0.0, 0.0, 0.0, 0.0, 0.0, 0.0, 0.0, 0.0, 0.0, 0.0, 0.9998077750205994, 0.0, 0.0, 0.0, 0.0, 0.0, 0.0, 0.0]
CLUSTER = 1 subtitles\antena3 HD_spa_TXT.st 2019 09 21.xlogafternoon_new
[0.0, 0.0, 0.0, 0.0, 0.0, 0.0, 0.0, 0.0, 0.0, 0.0, 0.9997351169586182, 0.0, 0.0, 0.0, 0.0, 0.0, 0.0, 0.0]
CLUSTER = 1 subtitles\antena3 HD_spa_TXT.st 2019 09 24.xlogmorning_new
[0.0, 0.0, 0.0, 0.0, 0.0, 0.0, 0.0, 0.0, 0.47170525789260864, 0.0, 0.5275961756706238, 0.0, 0.0, 0.0, 0.0, 0.0, 0.0, 0.0]
CLUSTER = 1 subtitles\antena3 HD_spa_TXT.st 2019 09 24.xlogafternoon_new
[0.0, 0.0, 0.014792987145483494, 0.0, 0.0, 0.0, 0.0, 0.0, 0.16403473913669586, 0.0, 0.8209637999534607, 0.0, 0.0, 0.0, 0.0, 0.0, 0.0, 0.0]
CLUSTER = 1 subtitles\antena3 HD_spa_TXT.st 2019 09 25.xlogafternoon_new
[0.0, 0.0, 0.0, 0.0, 0.0, 0.0, 0.0, 0.0, 0.07716159522533417, 0.0, 0.6825980544090271, 0.24005834758281708, 0.0, 0.0, 0.0, 0.0, 0.0, 0.0]
CLUSTER = 1 subtitles\antena3 HD_spa_TXT.st 2019 09 26.xlogafternoon_new
[0.0, 0.0, 0.0, 0.0, 0.0, 0.0, 0.0, 0.0, 0.012899890542030334, 0.0, 0.5782209634780884, 0.4086867868900299, 0.0, 0.0, 0.0, 0.0, 0.0, 0.0]
CLUSTER = 1 subtitles\antena3 HD_spa_TXT.st 2019 09 27.xlogafternoon_new
[0.0, 0.0, 0.0, 0.0, 0.0, 0.0, 0.0, 0.0, 0.0, 0.0, 0.938040018081665, 0.061709214001894, 0.0, 0.0, 0.0, 0.0, 0.0, 0.0]
CLUSTER = 1 subtitles\antena3 HD_spa_TXT.st 2019 09 30.xlogmorning_new
[0.0, 0.0, 0.0, 0.0, 0.0, 0.0, 0.0, 0.0, 0.0, 0.0, 0.9997848868370056, 0.0, 0.0, 0.0, 0.0, 0.0, 0.0, 0.0]
CLUSTER = 1 subtitles\antena3 HD_spa_TXT.st 2019 09 30.xlogafternoon_new
[0.0, 0.0, 0.0, 0.0, 0.0, 0.0, 0.0, 0.0, 0.31721213459968567, 0.0, 0.4709639251232147, 0.0, 0.0, 0.0, 0.0, 0.21162085235118866, 0.0, 0.0]
CLUSTER = 1 subtitles\antena3 HD_spa_TXT.st 2019 10 02.xlogafternoon_new
[0.0, 0.0, 0.0, 0.0, 0.0, 0.0, 0.0, 0.0, 0.0, 0.0, 0.9990231990814209, 0.0, 0.0, 0.0, 0.0, 0.0, 0.0, 0.0]

----------------------------------------N CLUSTER: 2----------------------------------------
CLUSTER = 2 subtitles\antena3 HD_spa_TXT.st 2019 09 16.xlogmorning_new
[0.0, 0.0, 0.0, 0.0, 0.0, 0.0, 0.0, 0.0, 0.0, 0.0, 0.19144204258918762, 0.8027068376541138, 0.0, 0.0, 0.0, 0.0, 0.0, 0.0]
CLUSTER = 2 subtitles\antena3 HD_spa_TXT.st 2019 09 16.xlogafternoon_new
[0.0, 0.0, 0.0, 0.0, 0.0, 0.0, 0.0, 0.0, 0.25221720337867737, 0.0, 0.3528989255428314, 0.3946874439716339, 0.0, 0.0, 0.0, 0.0, 0.0, 0.0]
CLUSTER = 2 subtitles\antena3 HD_spa_TXT.st 2019 09 22.xlogmorning_new
[0.0, 0.0, 0.0, 0.0, 0.0, 0.0, 0.0, 0.0, 0.39160317182540894, 0.0, 0.13663412630558014, 0.4716342091560364, 0.0, 0.0, 0.0, 0.0, 0.0, 0.0]
CLUSTER = 2 subtitles\antena3 HD_spa_TXT.st 2019 09 22.xlogafternoon_new
[0.0, 0.0, 0.0, 0.0, 0.0, 0.0, 0.0, 0.0, 0.0, 0.0, 0.3247908353805542, 0.6733219623565674, 0.0, 0.0, 0.0, 0.0, 0.0, 0.0]
CLUSTER = 2 subtitles\antena3 HD_spa_TXT.st 2019 09 26.xlogmorning_new
[0.0, 0.0, 0.0, 0.0, 0.0, 0.0, 0.0, 0.0, 0.0, 0.0, 0.0, 0.9997690916061401, 0.0, 0.0, 0.0, 0.0, 0.0, 0.0]
CLUSTER = 2 subtitles\antena3 HD_spa_TXT.st 2019 09 27.xlogmorning_new
[0.0, 0.0, 0.0, 0.0, 0.0, 0.0, 0.0, 0.0, 0.0, 0.0, 0.0, 0.9916810989379883, 0.0, 0.0, 0.0, 0.0, 0.0, 0.0]
CLUSTER = 2 subtitles\antena3 HD_spa_TXT.st 2019 09 28.xlogmorning_new
[0.0, 0.11124511063098907, 0.0, 0.0, 0.0, 0.0, 0.0, 0.0, 0.0, 0.0, 0.0, 0.8875467777252197, 0.0, 0.0, 0.0, 0.0, 0.0, 0.0]
CLUSTER = 2 subtitles\antena3 HD_spa_TXT.st 2019 09 28.xlogafternoon_new
[0.0, 0.0, 0.0, 0.0, 0.0, 0.0, 0.0, 0.0, 0.0, 0.0, 0.05390452966094017, 0.9458472728729248, 0.0, 0.0, 0.0, 0.0, 0.0, 0.0]
CLUSTER = 2 subtitles\antena3 HD_spa_TXT.st 2019 09 29.xlogmorning_new
[0.0, 0.0, 0.0, 0.0, 0.0, 0.0, 0.0, 0.0, 0.04931812360882759, 0.0, 0.12010837346315384, 0.8304368257522583, 0.0, 0.0, 0.0, 0.0, 0.0, 0.0]
CLUSTER = 2 subtitles\antena3 HD_spa_TXT.st 2019 10 02.xlogmorning_new
[0.0, 0.0, 0.0, 0.0, 0.0, 0.0, 0.0, 0.0, 0.0, 0.0, 0.18198588490486145, 0.8142707347869873, 0.0, 0.0, 0.0, 0.0, 0.0, 0.0]
CLUSTER = 2 subtitles\antena3 HD_spa_TXT.st 2019 10 03.xlogmorning_new
[0.0, 0.0, 0.0, 0.0, 0.0, 0.0, 0.0, 0.0, 0.0, 0.0, 0.0, 0.999779224395752, 0.0, 0.0, 0.0, 0.0, 0.0, 0.0]

----------------------------------------N CLUSTER: 3----------------------------------------
CLUSTER = 3 subtitles\antena3 HD_spa_TXT.st 2019 09 15.xlogmorning_new
[0.0, 0.0, 0.0, 0.0, 0.0, 0.0, 0.0, 0.0, 0.6962462663650513, 0.0, 0.30358070135116577, 0.0, 0.0, 0.0, 0.0, 0.0, 0.0, 0.0]
CLUSTER = 3 subtitles\antena3 HD_spa_TXT.st 2019 09 17.xlogmorning_new
[0.0, 0.0, 0.0, 0.0, 0.0, 0.0, 0.0, 0.0, 0.9939108490943909, 0.0, 0.0, 0.0, 0.0, 0.0, 0.0, 0.0, 0.0, 0.0]
CLUSTER = 3 subtitles\antena3 HD_spa_TXT.st 2019 09 17.xlogafternoon_new
[0.0, 0.0, 0.0, 0.0, 0.0, 0.0, 0.0, 0.0, 0.9996832013130188, 0.0, 0.0, 0.0, 0.0, 0.0, 0.0, 0.0, 0.0, 0.0]
CLUSTER = 3 subtitles\antena3 HD_spa_TXT.st 2019 09 19.xlogmorning_new
[0.0, 0.0, 0.0, 0.0, 0.0, 0.0, 0.0, 0.0, 0.9587690830230713, 0.0, 0.0, 0.0, 0.0, 0.0, 0.0, 0.0, 0.03688981756567955, 0.0]
CLUSTER = 3 subtitles\antena3 HD_spa_TXT.st 2019 09 19.xlogafternoon_new
[0.0, 0.0, 0.0, 0.0, 0.0, 0.0, 0.0, 0.0, 0.9997138977050781, 0.0, 0.0, 0.0, 0.0, 0.0, 0.0, 0.0, 0.0, 0.0]
CLUSTER = 3 subtitles\antena3 HD_spa_TXT.st 2019 09 20.xlogmorning_new
[0.0, 0.0, 0.0, 0.0, 0.0, 0.0, 0.0, 0.0, 0.9997721910476685, 0.0, 0.0, 0.0, 0.0, 0.0, 0.0, 0.0, 0.0, 0.0]
CLUSTER = 3 subtitles\antena3 HD_spa_TXT.st 2019 09 20.xlogafternoon_new
[0.0, 0.0, 0.0, 0.0, 0.0, 0.0, 0.0, 0.0, 0.9997084736824036, 0.0, 0.0, 0.0, 0.0, 0.0, 0.0, 0.0, 0.0, 0.0]
CLUSTER = 3 subtitles\antena3 HD_spa_TXT.st 2019 09 25.xlogmorning_new
[0.0, 0.0, 0.0, 0.0, 0.0, 0.0, 0.0, 0.0, 0.9997767806053162, 0.0, 0.0, 0.0, 0.0, 0.0, 0.0, 0.0, 0.0, 0.0]
CLUSTER = 3 subtitles\antena3 HD_spa_TXT.st 2019 09 29.xlogafternoon_new
[0.0, 0.0, 0.0, 0.0, 0.0, 0.0, 0.0, 0.0, 0.9997050762176514, 0.0, 0.0, 0.0, 0.0, 0.0, 0.0, 0.0, 0.0, 0.0]
CLUSTER = 3 subtitles\antena3 HD_spa_TXT.st 2019 10 01.xlogmorning_new
[0.0, 0.0, 0.0, 0.0, 0.0, 0.0, 0.0, 0.0, 0.7280719876289368, 0.0, 0.2717694044113159, 0.0, 0.0, 0.0, 0.0, 0.0, 0.0, 0.0]
CLUSTER = 3 subtitles\antena3 HD_spa_TXT.st 2019 10 01.xlogafternoon_new
[0.0, 0.0, 0.0, 0.0, 0.0, 0.0, 0.0, 0.0, 0.9997255802154541, 0.0, 0.0, 0.0, 0.0, 0.0, 0.0, 0.0, 0.0, 0.0]
CLUSTER = 3 subtitles\antena3 HD_spa_TXT.st 2019 10 03.xlogafternoon_new
[0.0, 0.0, 0.0, 0.4338122010231018, 0.0, 0.0, 0.0, 0.0, 0.5588327050209045, 0.0, 0.0, 0.0, 0.0, 0.0, 0.0, 0.0, 0.0, 0.0]
